dataset_xjtu/labels/0007.txt 1 0.25770409082717594 0.4459203036053128 0.05526521295128249 0.09858692080184023 0.2372799903886585 0.3966268432043927 0.23007148435153468 0.45599101056894165 0.2763260647564124 0.4952137640062329 0.2853366973028172 0.4284290757211154
dataset_xjtu/labels/0007.txt 1 0.5166095993272058 0.5243658104798953 0.07689073106265394 0.09222647429849573 0.47816423379587886 0.5058145081784737 0.4835706133237217 0.5704790476291431 0.5550549648585328 0.5397368895296447 0.5496485853306899 0.47825257333064747
dataset_xjtu/labels/0013.txt 1 0.8818280571073863 0.5355871398838863 0.08612662942271877 0.07530945339029461 0.8387647423960269 0.5047787271333112 0.8387647423960269 0.5732418665790335 0.9248913718187457 0.5609185014788035 0.9225636250775912 0.49793241318873893
dataset_xjtu/labels/0012.txt 1 0.8515673494723771 0.5294254573337712 0.0876784605834884 0.0766787161792091 0.8077281191806328 0.5020402015554822 0.8100558659217874 0.5677648154233758 0.8954065797641212 0.5527029247453168 0.8923029174425818 0.49108609924416663
dataset_xjtu/labels/0006.txt 1 0.5479157713794581 0.40542817900688394 0.04918111063362455 0.09521642778297391 0.5290550541947187 0.357819965115397 0.5233252160626459 0.4125904766719749 0.5639115694981612 0.4530363928983709 0.5725063266962704 0.3873117790304774
dataset_xjtu/labels/0006.txt 1 0.801699851979181 0.48884788122382566 0.08117270687103091 0.09016068825467434 0.7611134985436655 0.464833118464403 0.7663658501647322 0.5339282253511628 0.8422862054146965 0.505279034690799 0.8356013942606115 0.4437675370964885
dataset_xjtu/labels/0038.txt 0 0.32755574655015973 0.21012059187105728 0.026739244616339565 0.03395459633820895 0.31418612424198994 0.2075739971456916 0.32039344888506877 0.22709789004016173 0.34092536885832947 0.21521378132178862 0.33376307119323856 0.1931432937019528
dataset_xjtu/labels/0038.txt 0 0.4087284534211905 0.1243852361170796 0.024829298572315306 0.04923416469040301 0.3963138041350329 0.13202502029317664 0.4077734803991785 0.1490023184622811 0.4211431027073482 0.11334999230716168 0.41111588597622084 0.0997681537718781
dataset_xjtu/labels/0010.txt 1 0.6334292647141806 0.5100130453400249 0.0863382427628237 0.08763281849052461 0.5902601433327687 0.48511735826885316 0.5942102590147279 0.5538294545852872 0.6765983860955924 0.5309254224798092 0.673212572653913 0.4661966360947626
dataset_xjtu/labels/0004.txt 1 0.4416899441340779 0.29591480446927354 0.04946461824953445 0.08215576733486685 0.42335893854748574 0.2548369208018401 0.4169576350093107 0.31234595793624687 0.4588570763500928 0.33699268813670696 0.4664222532588452 0.2702411271771276
dataset_xjtu/labels/0004.txt 1 0.7058891992551205 0.3703684686164966 0.08321694599627551 0.08934439697666771 0.6642807262569829 0.3421274235951361 0.6695181564245806 0.41504066710483045 0.7474976722532584 0.39347477817942794 0.7434241154562379 0.3256962701281627
dataset_xjtu/labels/0011.txt 1 0.6313449870847596 0.5116449174732063 0.08650207244548559 0.08374587896070305 0.5880939508620169 0.4867331686684402 0.5928996215534327 0.5535178569535578 0.6745960233075025 0.5312562941918519 0.6709917702889406 0.4697719779928548
dataset_xjtu/labels/0039.txt 0 0.3573091247672251 0.20797770535899013 0.0360800744878957 0.05069315125181042 0.3392690875232772 0.20849498241258005 0.346252327746741 0.23332428098489535 0.37534916201117297 0.20746042830540026 0.36836592178770927 0.18263112973308493
dataset_xjtu/labels/0015.txt 1 0.3287494628276749 0.5048577230634407 0.051091056677648856 0.10027216731127343 0.31275366470897176 0.454721639407804 0.30320393448885047 0.5035937881813658 0.34283531490235375 0.5549938067190775 0.3542949911664993 0.4884265695964674
dataset_xjtu/labels/0015.txt 1 0.5808623406388767 0.6156626810586714 0.08451511244807328 0.08931806499995787 0.5386047844148399 0.5861708671435909 0.546244568590937 0.6603217135586503 0.6231198968629132 0.6426266252096021 0.6159575991978222 0.5710036485586925
dataset_xjtu/labels/0001.txt 1 0.40217456598786544 0.48567309425121613 0.07508860455337292 0.07420520920568621 0.364630263711179 0.4612913826550621 0.3670330990568869 0.5227756988540593 0.4397188682645519 0.506874582595698 0.43671532408241703 0.44857048964837304
dataset_xjtu/labels/0029.txt 1 0.3657546674306448 0.34391668141257337 0.06493816549682467 0.09858692080184023 0.3380604497922931 0.2946232210116533 0.33328558468223246 0.35697734186068036 0.39297139855799046 0.3932101418134935 0.39822375017905715 0.32242978841730047
dataset_xjtu/labels/0029.txt 1 0.64412930334718 0.40374293249745075 0.07639784176097018 0.09858692080184023 0.605930382466695 0.3873117790304774 0.6140476531537981 0.4530363928983709 0.6823282242276651 0.41343309992669147 0.6751659265625741 0.35444947209653066
dataset_xjtu/labels/0028.txt 1 0.38654703459172707 0.23466674633286513 0.0665876643530274 0.09858692080184023 0.35889622481801225 0.18537328593194502 0.35325320241521335 0.24412710741991042 0.41306923988488203 0.28396020673378525 0.4198408667682408 0.2112648004859637
dataset_xjtu/labels/0028.txt 1 0.6658766435302744 0.2919268265965602 0.07448789571694595 0.09759109331899332 0.6286326956718014 0.2769894143538571 0.63596862479544 0.34072237325605687 0.7031205913887474 0.29989344645933513 0.6957846622651087 0.24313127993706352
dataset_xjtu/labels/0000.txt 1 0.4125730430873947 0.4653415980146631 0.08283567713350024 0.06459143087017119 0.37115520452064454 0.4375786145704667 0.37115520452064454 0.4976373134497487 0.45399088165414475 0.49310458145885955 0.4533487446221021 0.43304588257957755
dataset_xjtu/labels/0002.txt 1 0.3514897579143387 0.5617694004976289 0.08113860069167327 0.07041922914417154 0.31158552806597484 0.5312544012018212 0.3109204575685021 0.5969790150697146 0.3900638467677572 0.588763438336228 0.39205905826017534 0.5265597859255431
dataset_xjtu/labels/0016.txt 1 0.3048486102489825 0.5071140808899597 0.051038002620870354 0.09615267584377014 0.2869163390578659 0.4590377429680746 0.27932960893854736 0.5101568870875474 0.3193323677494998 0.5551904188118447 0.33036761155941774 0.4967685398181616
dataset_xjtu/labels/0016.txt 1 0.5600386233533344 0.6209150326797382 0.08828195047934338 0.09980404328087529 0.5158976481136628 0.5868356032667564 0.524863783709221 0.6708170543201758 0.6041795985930062 0.6489088496975447 0.5931443547830882 0.5710130110393006
dataset_xjtu/labels/0017.txt 1 0.30600432835069685 0.3167659937295163 0.052846142231617085 0.09858692080184023 0.28763400271780143 0.2674725333285962 0.2795812572348883 0.31987459033137616 0.32236146761286405 0.36605945413043645 0.3324273994665054 0.30122301072021723
dataset_xjtu/labels/0017.txt 1 0.5662086667673256 0.42379053387926174 0.07700437868035627 0.08171168210602975 0.5282097740198295 0.4015862724374059 0.5277064774271475 0.4646463749322767 0.6047108561075037 0.4406657725750723 0.6037042629221396 0.3829346928262469
dataset_xjtu/labels/0003.txt 1 0.11709271485807789 0.7141576793236335 0.06715196659330733 0.0896244734562183 0.09254556740590254 0.6693454425955243 0.08351673156142424 0.7271034366006428 0.1416398623102533 0.7589699160517426 0.15066869815473155 0.6952369571495429
dataset_xjtu/labels/0003.txt 1 0.3718751763444498 0.7783885519672566 0.06320185091134807 0.08862864597337156 0.3402742508887758 0.7609615710174364 0.3453529710512948 0.8227028749539425 0.4034761018001239 0.7908363955028426 0.4000902883584445 0.7340742289805708
dataset_xjtu/labels/0058.txt 0 0.18602012807235913 0.39665135575640836 0.09445843828715364 0.10223736849903688 0.14256924646026845 0.34553267150689 0.1387909089287823 0.41665431915839385 0.2307304555282785 0.44777004000592685 0.23324934721593593 0.37220328937620395
dataset_xjtu/labels/0058.txt 0 0.5065490953267672 0.4266558008593866 0.07052896725440808 0.12224033190102243 0.47128461169956315 0.41665431915839385 0.4826196242940216 0.4877759668098978 0.5418135789539712 0.42998962809305086 0.5304785663595128 0.3655356349088754
dataset_xjtu/labels/0064.txt 0 0.4221662237902432 0.5833456808416062 0.12594458438287154 0.10223736849903693 0.3642317149741224 0.5322269965920877 0.35919393159880747 0.6144614016891392 0.4813601784501929 0.6344643650911247 0.485138515981679 0.5566750629722922
dataset_xjtu/labels/0070.txt 0 0.26851383084313996 0.7878204178396802 0.08564231738035263 0.14668839828122687 0.2370276847474221 0.7144762186990666 0.22569267215296365 0.7900429693287896 0.2987405310950291 0.8611646169802936 0.3113349895333163 0.7855978663505706
dataset_xjtu/labels/0070.txt 0 0.6658689945710996 0.7467032152911545 0.11712846347607062 0.13557564083567927 0.6073047628330644 0.7278115276337236 0.6161208837398655 0.8144910357089941 0.724433226309135 0.761149799970366 0.7181359970899914 0.6789153948733148
dataset_xjtu/labels/0065.txt 0 0.5739294479716034 0.5077789302118834 0.12972292191435777 0.09334716254259888 0.5115868787020821 0.46110534894058386 0.5090679870144246 0.5411172025485258 0.6350125713972962 0.5544525114831828 0.6387909089287824 0.47444065787524087
dataset_xjtu/labels/0059.txt 0 0.19042818852575963 0.4177655949029487 0.09319899244332497 0.10001481700992741 0.14508813814792587 0.3677581863979849 0.14382869230409714 0.4411023855385984 0.23324934721593593 0.46777300340791234 0.2370276847474221 0.3922062527781894
dataset_xjtu/labels/0059.txt 0 0.5065490953267672 0.4488813157504815 0.07052896725440808 0.11335012594458437 0.47128461169956315 0.4388798340494888 0.4838790701378503 0.5055563787227737 0.5418135789539712 0.44999259149503634 0.5304785663595128 0.3922062527781894
dataset_xjtu/labels/0073.txt 0 0.46120904494893344 0.6189065046673583 0.09823677581863983 0.1511335012594459 0.41209065703961356 0.6033486442435917 0.42090677794641457 0.6944732552970811 0.5103274328582533 0.6211290561564677 0.5015113119514524 0.5433397540376352
dataset_xjtu/labels/0099.txt 0 0.09345085855094852 0.4177655949029487 0.03778337531486146 0.04667358127129946 0.07833750842500395 0.3944288042672989 0.0745591708935178 0.4255445251148319 0.11108310036455055 0.4411023855385984 0.11234254620837926 0.4077641132019559
dataset_xjtu/labels/0099.txt 0 0.2206548887776488 0.4488813157504816 0.030226700251889168 0.03778337531486146 0.20554153865170421 0.44332493702770787 0.21057932202701907 0.46777300340791234 0.23576823890359339 0.45221514298414583 0.23198990137210723 0.42998962809305086
dataset_xjtu/labels/0066.txt 0 0.39068007769452534 0.6077937472218108 0.12342569269521414 0.10223736849903704 0.3289672313469183 0.5677878204178397 0.330226677190747 0.6589124314713293 0.45239292404213244 0.6366869165802342 0.449874032354475 0.5566750629722922
dataset_xjtu/labels/0072.txt 0 0.7905541331101424 0.6433545710475626 0.09697732997481114 0.1511335012594459 0.742065468122737 0.6344643650911247 0.7508815890295379 0.7189213216772856 0.8390427980975481 0.6522447770040007 0.8327455688784046 0.5677878204178397
dataset_xjtu/labels/0076.txt 0 0.5632241582990594 0.898947992295155 0.17128463476070527 0.1244628833901318 0.47884128676253546 0.8367165506000891 0.47758184091870676 0.9611794339902209 0.6463475839917546 0.9567343310120019 0.648866475679412 0.845606756556527
dataset_xjtu/labels/0062.txt 0 0.3308564001126614 0.5833456808416062 0.11460957178841309 0.11112757445547494 0.2811082892814271 0.5277818936138688 0.27355161421845486 0.6033486442435917 0.3831234026315531 0.6389094680693438 0.38816118600686794 0.5588976144614017
dataset_xjtu/labels/0089.txt 0 0.4668765512461627 0.5144465846792118 0.044080604534005016 0.08445695658616093 0.4448362489791602 0.5277818936138688 0.45869015326127605 0.5566750629722922 0.4889168535131652 0.49666617276633584 0.47758184091870676 0.47221810638613126
dataset_xjtu/labels/0088.txt 0 0.4568009844955329 0.5311157208475331 0.04659949622166242 0.07778930211883249 0.4335012363847017 0.5388946510594163 0.44231735729150273 0.5700103719069493 0.48010073260636416 0.5211142391465403 0.47128461169956315 0.4922210697881168
dataset_xjtu/labels/0063.txt 0 0.414609548727271 0.5722329233960588 0.12342569269521414 0.10668247147725589 0.35793448575497877 0.5188916876574308 0.3528967023796639 0.6011260927544823 0.47002516585573445 0.6255741591346867 0.47632239507487806 0.5388946510594163
dataset_xjtu/labels/0077.txt 0 0.3295969542688327 0.5388946510594163 0.08690176322418139 0.19113942806341686 0.2999999769388578 0.44332493702770787 0.286146072656742 0.5322269965920877 0.35919393159880747 0.6344643650911247 0.3730478358809234 0.5344495480811973
dataset_xjtu/labels/0077.txt 0 0.762846324545911 0.7689287301822494 0.12720403022670024 0.14446584679211738 0.6992443094325608 0.7322566306119427 0.7005037552763894 0.8411616535783081 0.826448339659261 0.7878204178396802 0.821410556283946 0.6966958067861907
dataset_xjtu/labels/0061.txt 0 0.25717881824868155 0.49555489702178107 0.09068010075566753 0.0955697140317084 0.21687655124616265 0.44777004000592685 0.2118387678708478 0.5144465846792118 0.2987405310950291 0.5433397540376352 0.30251886862651534 0.46999555489702183
dataset_xjtu/labels/0061.txt 0 0.5758186167373467 0.522225514891095 0.06549118387909315 0.11779522892280342 0.5430730247978001 0.5100014817009928 0.5531485915484297 0.5811231293524968 0.6085642086768932 0.5233367906356498 0.5997480877700921 0.46332790042969335
dataset_xjtu/labels/0075.txt 0 0.7924433018758857 0.9133945769743667 0.18387909319899254 0.1533560527485553 0.7105793220270191 0.8367165506000891 0.7005037552763894 0.9611794339902209 0.8806045109438957 0.9900726033486444 0.8843828484753818 0.872277374425841
dataset_xjtu/labels/0049.txt 0 0.0758673011931857 0.4353173782099912 0.034485136905993495 0.04659325164187567 0.058624732740188944 0.43409124000888927 0.06759086833574726 0.4586140040309291 0.09310986964618244 0.43163896360668524 0.084833436788744 0.41202075238905345
dataset_xjtu/labels/0048.txt 0 0.1231453114675316 0.430941844710091 0.03123685949420314 0.049124633734473296 0.10752688172043004 0.42880599106946166 0.11593680543040781 0.4555041615773276 0.13876374121463317 0.42773806424914707 0.13215594401393635 0.4063795278428543
dataset_xjtu/labels/0074.txt 0 0.3963475839917546 0.6144614016891393 0.09697732997481114 0.1511335012594459 0.347858919004349 0.6011260927544823 0.35793448575497877 0.6900281523188623 0.4448362489791602 0.6144614016891392 0.4360201280723591 0.5388946510594163
dataset_xjtu/labels/0060.txt 0 0.25654909532676723 0.49444362127722635 0.09193954659949624 0.09779226552081788 0.2130982137146765 0.44554748851681736 0.21057932202701907 0.5188916876574308 0.2999999769388578 0.5433397540376352 0.30251886862651534 0.46999555489702183
dataset_xjtu/labels/0060.txt 0 0.5745591708935179 0.5233367906356498 0.07052896725440808 0.11557267743369394 0.5392946872663138 0.5122240331901022 0.5506296998607723 0.5811231293524968 0.609823654520722 0.5255593421247592 0.5997480877700921 0.4655504519188028
dataset_xjtu/labels/0100.txt 0 0.22317378046530623 0.2066232034375463 0.03778337531486144 0.04222847829308046 0.20806043033936164 0.18550896429100608 0.20428209280787551 0.21662468513853905 0.24206546812273694 0.22773744258408654 0.24206546812273694 0.1943991702474441
dataset_xjtu/labels/0100.txt 0 0.34974808777009214 0.2244036153504223 0.02644836272040306 0.04667358127129946 0.3365239064098906 0.22106978811675806 0.33778335225371936 0.24774040598607203 0.3629722691302936 0.22329233960586756 0.35793448575497877 0.20106682471477258
dataset_xjtu/labels/0079.txt 0 0.4845833301544189 0.5671492034313725 0.0375 0.025735294117647058 0.4658333301544189 0.554281556372549 0.4658333301544189 0.5781786151960784 0.5033333301544188 0.580016850490196 0.5012499968210855 0.5561197916666666
dataset_xjtu/labels/0045.txt 0 0.3660381750465547 0.2917765880405544 0.0360800744878957 0.04034761018001238 0.34799813780260686 0.28815564866542503 0.3532355679702046 0.31195039313056055 0.38407821229050254 0.29436297330850386 0.3782588454376162 0.2716027829505482
dataset_xjtu/labels/0086.txt 0 0.17781249682108557 0.14612438655367083 0.026041666666666668 0.05882352941176469 0.17104166348775224 0.11671262184778848 0.16479166348775226 0.14244791596543552 0.1845833301544189 0.17553615125955319 0.19083333015441892 0.14796262184778847
dataset_xjtu/labels/0086.txt 0 0.31166666348775224 0.176455268906612 0.03958333333333333 0.034926470588235295 0.2939583301544189 0.15899203361249437 0.29187499682108553 0.19391850420072965 0.3314583301544189 0.192080268906612 0.3314583301544189 0.160830268906612
dataset_xjtu/labels/0092.txt 0 0.4001259215232408 0.274411023855386 0.04408060453400508 0.08890205956437995 0.3780856192562382 0.2988590902355905 0.3931989693821828 0.31886205363757597 0.42216622379024327 0.24996295747518152 0.4095717653519561 0.22995999407319603
dataset_xjtu/labels/0093.txt 0 0.3308564001126614 0.47444065787524076 0.05163727959697736 0.053341235738627944 0.30503776031417273 0.46777300340791234 0.3113349895333163 0.5011112757445548 0.35667503991115007 0.4833308638316788 0.3541561482234926 0.44777004000592685
dataset_xjtu/labels/0050.txt 0 0.07674510467806553 0.4198722168927008 0.03272952993623383 0.042134567274232086 0.06038033970994862 0.41686260494454136 0.06658766435302745 0.44093950052981684 0.09310986964618244 0.4198722168927008 0.08803114948366339 0.39880493325558475
dataset_xjtu/labels/0044.txt 0 0.37270550678371883 0.2809553368212584 0.03405160947060386 0.03688924359315418 0.3556797020484169 0.27669888563743295 0.35940409683426416 0.2993999586178355 0.38973131151902074 0.2842659099642338 0.3854748603351953 0.2625107150246813
dataset_xjtu/labels/0078.txt 0 0.24521408273230874 0.4388798340494888 0.09445843828715367 0.18224922210697886 0.2118387678708478 0.3477552229959994 0.1979848635887319 0.43443473107126984 0.2798488434375984 0.5300044451029783 0.2924433018758856 0.42998962809305086
dataset_xjtu/labels/0078.txt 0 0.6677581633368429 0.6211290561564677 0.11586901763224174 0.14224329530300792 0.609823654520722 0.5922358867980443 0.6123425462083794 0.6922507038079717 0.7256926721529636 0.6366869165802342 0.7206548887776488 0.5500074085049638
dataset_xjtu/labels/0046.txt 0 0.24841713221601477 0.3489757914338918 0.02905027932960893 0.03045727291537344 0.23389199255121032 0.3337471549762051 0.23538175046554924 0.36155596937719825 0.26294227188081926 0.36420442789157853 0.2607076350093108 0.3337471549762051
dataset_xjtu/labels/0046.txt 0 0.3523277467411544 0.3231533209186839 0.025325884543761657 0.04767225325884543 0.33966480446927355 0.3205048624043036 0.3456238361266293 0.3469894475481066 0.3649906890130352 0.3231533209186839 0.35903165735567955 0.2993171942892612
dataset_xjtu/labels/0091.txt 0 0.5544080373922584 0.43554600681582456 0.02770780856423182 0.0911246110534894 0.5405541331101424 0.47444065787524087 0.5594458207675732 0.4811083123425693 0.5682619416743743 0.3922062527781894 0.5493702540169436 0.3899837012890799
dataset_xjtu/labels/0085.txt 0 0.08589418348797624 0.38998370128907994 0.030226700251889168 0.05778633871684695 0.07833750842500395 0.36109053193065643 0.07078083336203166 0.3899837012890799 0.09345085855094853 0.4188768706475034 0.10100753361392083 0.3855385983108609
dataset_xjtu/labels/0085.txt 0 0.2193954429338201 0.4255445251148319 0.03526448362720404 0.03556082382575198 0.20176320112021806 0.4077641132019559 0.20176320112021806 0.4388798340494888 0.2370276847474221 0.44332493702770787 0.2370276847474221 0.4099866646910654
dataset_xjtu/labels/0084.txt 0 0.24139378673383707 0.42222304538944033 0.03778337531486144 0.035190398577567034 0.22250209907640633 0.40462784610065683 0.22250209907640633 0.43981824467822384 0.2581863979848866 0.4361139921963747 0.2602854743912678 0.40462784610065683
dataset_xjtu/labels/0084.txt 0 0.10915197313182198 0.39907146737788307 0.029387069689336694 0.05185953474588826 0.10075566750629722 0.37314170000493896 0.09445843828715363 0.39907146737788307 0.11754827875734675 0.4250012347508272 0.12384550797649033 0.39536721489603394
dataset_xjtu/labels/0090.txt 0 0.4870276847474221 0.7955993480515633 0.034005037783375276 0.0955697140317084 0.47002516585573445 0.8256037931545415 0.485138515981679 0.8433842050674175 0.5040302036391098 0.7633723514594757 0.4889168535131652 0.7478144910357091
dataset_xjtu/labels/0047.txt 0 0.13665242633366187 0.3812331884957581 0.028480666009420518 0.029210939496841584 0.12241209332895162 0.3676014167305654 0.12405520867564897 0.39389126227772275 0.15089275933837215 0.3958386582441789 0.148701938876109 0.36662771874733735
dataset_xjtu/labels/0047.txt 0 0.24591959688903478 0.3495880040408464 0.02902837112498626 0.04965859714463059 0.23140541132654166 0.3491011550492324 0.2407163982911599 0.3744173026131617 0.26043378245152793 0.34618006109954824 0.2533136159491728 0.32475870546853114
dataset_xjtu/labels/0057.txt 0 0.4083123195081274 0.2621869906652838 0.110831234256927 0.08223440509705145 0.3528967023796639 0.22329233960586756 0.3528967023796639 0.3033041932138095 0.4637279366365909 0.3010816417247 0.4637279366365909 0.22106978811675806
dataset_xjtu/labels/0043.txt 0 0.3460583488516447 0.23452766857484408 0.033105731429753774 0.03586454238223323 0.3295054831367678 0.2267110375428189 0.3326091454583072 0.2524599397659607 0.36261121456652157 0.2395854886543898 0.35847299813780237 0.21659539738372746
dataset_xjtu/labels/0094.txt 0 0.24710325149805182 0.41665431915839385 0.05037783375314865 0.040005926803970984 0.2219143346214775 0.4010964587346274 0.2219143346214775 0.4366572825603794 0.27229216837462616 0.43443473107126984 0.26977327668696865 0.39665135575640836
dataset_xjtu/labels/0080.txt 0 0.4874230338650992 0.5908025525316136 0.03638399104394067 0.0283992690275102 0.4692310383431289 0.5790724196724246 0.4699307304785893 0.6050021870453688 0.5056150293870696 0.6025326853908027 0.5049153372516091 0.5766029180178586
dataset_xjtu/labels/0081.txt 0 0.25059215503374843 0.8187737912469241 0.027708258848766546 0.05205156785631663 0.23673802560936516 0.8195624513659592 0.24567617362509633 0.8447995751750824 0.26444628445813173 0.8148304906517485 0.25640195124397364 0.7927480073187658
dataset_xjtu/labels/0095.txt 0 0.3056674832360871 0.4233219736257224 0.044080604534005016 0.04000592680397093 0.286146072656742 0.4033190102237369 0.28362718096908457 0.4411023855385984 0.3277077855030896 0.44332493702770787 0.3277077855030896 0.41220921618017486
dataset_xjtu/labels/0042.txt 0 0.33591176049276583 0.2211558356809752 0.034379028792436594 0.03904778578894034 0.31872224609654753 0.21691151113869908 0.3234971112066082 0.24067972857544537 0.35310127488898413 0.22624902513170653 0.3483264097789235 0.201631942786505
dataset_xjtu/labels/0056.txt 0 0.4246851154779007 0.4411023855385983 0.11335012594458439 0.08445695658616087 0.36801005250560853 0.3988739072455179 0.36801005250560853 0.4833308638316788 0.4813601784501929 0.4833308638316788 0.47884128676253546 0.3988739072455179
dataset_xjtu/labels/0040.txt 0 0.3526237883779781 0.2113938892337401 0.03533400181444875 0.050083029598858214 0.3349567874707537 0.21266718659642292 0.34164159862483856 0.2364354040331692 0.3702907892852024 0.20927172696260202 0.3640834646421236 0.186352374434311
dataset_xjtu/labels/0068.txt 0 0.05692692907991578 0.5411172025485258 0.0806045340050378 0.16002370721588388 0.02921912051568404 0.46110534894058386 0.016624662077396886 0.5366720995703067 0.0833752918003188 0.6211290561564677 0.09722919608243467 0.5277818936138688
dataset_xjtu/labels/0068.txt 0 0.4467254177449032 0.49666617276633584 0.1120906801007557 0.1289079863683509 0.39068007769452534 0.47221810638613126 0.396977306913669 0.5611201659505113 0.502770757795281 0.5144465846792118 0.49773297441996617 0.43221217958216035
dataset_xjtu/labels/0083.txt 0 0.11863977542752284 0.3866498740554157 0.03526448362720404 0.04667358127129946 0.10100753361392083 0.3633130834197659 0.10100753361392083 0.3899837012890799 0.13123423386580998 0.4099866646910654 0.13627201724112487 0.3744258408653134
dataset_xjtu/labels/0083.txt 0 0.2502518661076236 0.3544228774633279 0.036523929471032744 0.04445102978218999 0.23198990137210723 0.34553267150689 0.23324934721593593 0.37664839235442293 0.26851383084313996 0.35886798044154694 0.26599493915548256 0.332197362572233
dataset_xjtu/labels/0097.txt 0 0.29748108525120043 0.5877907838198252 0.03778337531486144 0.04445102978219004 0.2811082892814271 0.5655652689287303 0.2785893975937697 0.5900133353089347 0.31511332706480244 0.6100162987109202 0.31637277290863114 0.5766780263742778
dataset_xjtu/labels/0096.txt 0 0.2471032514980518 0.6322418136020153 0.04534005037783375 0.040005926803970984 0.22695211799679235 0.6122388502000298 0.22443322630913493 0.6522447770040007 0.26725438499931126 0.6522447770040007 0.26977327668696865 0.6189065046673583
dataset_xjtu/labels/0082.txt 0 0.11234254620837927 0.548896132760409 0.030226700251889182 0.05111868424951857 0.09722919608243467 0.5500074085049638 0.10604531698923568 0.5744554748851683 0.12745589633432386 0.5477848570158542 0.12115866711518027 0.5233367906356498
dataset_xjtu/labels/0069.txt 0 0.6797228988532156 0.8400503778337532 0.08438287153652387 0.1533560527485553 0.6501259215232408 0.7633723514594757 0.6375314630849537 0.8389391020891985 0.7118387678708479 0.9167284042080309 0.7219143346214775 0.8300488961327606
dataset_xjtu/labels/0055.txt 0 0.3251888938154322 0.4711068306415766 0.10831234256926958 0.07334419914061349 0.2710327225307974 0.43443473107126984 0.2710327225307974 0.5077789302118834 0.379345065100067 0.5055563787227737 0.3780856192562382 0.43443473107126984
dataset_xjtu/labels/0041.txt 0 0.3328080981712264 0.22497572776902372 0.034379028792436594 0.041594380514306 0.3156185837750081 0.2220047005894304 0.32039344888506877 0.2457729180261767 0.3499976125674447 0.22964448476552743 0.34522274745738407 0.2041785375118707
dataset_xjtu/labels/0026.txt 1 0.2738119870335884 0.446866518177724 0.07448789571694595 0.09980404328087523 0.2393268501275949 0.3969644965372863 0.2365680391751154 0.4626891104051798 0.3089868266777017 0.4967685398181616 0.31105593489206135 0.42739255851316293
dataset_xjtu/labels/0026.txt 1 0.5548658528174354 0.4973771010576791 0.06414235464514792 0.10345541071798049 0.5227946754948615 0.47851170263263565 0.5290020001379403 0.5491048064166694 0.5869370301400093 0.502854152213337 0.5814194082350503 0.4456493956986889
dataset_xjtu/labels/0032.txt 1 0.2534334264432028 0.5069524318107127 0.06808659217877092 0.09139829116003932 0.22637337057728105 0.46125328623069306 0.21939013035381735 0.5300587413736441 0.2828212290502792 0.5526515773907325 0.28747672253258827 0.47871138678935227
dataset_xjtu/labels/0032.txt 1 0.5484753258845434 0.5665153631284912 0.07972532588454365 0.09345218534341104 0.5086126629422716 0.5444360006572457 0.5167597765363126 0.6132414558001967 0.5883379888268152 0.5814060959579358 0.5801908752327744 0.5197892704567857
dataset_xjtu/labels/0033.txt 1 0.25277605352093235 0.5046798359318895 0.06690116559762735 0.0937184308857 0.2248430926270776 0.45782062048903954 0.21932547072211867 0.5259794793150032 0.281398717152907 0.5515390513747396 0.28622663631974604 0.4772945801536006
dataset_xjtu/labels/0033.txt 1 0.5472791226981167 0.5655359598836427 0.0806952203600248 0.09858692080184023 0.5069315125181044 0.5405849490634239 0.5172770535899025 0.6148294202845629 0.5876267328781293 0.5831842358296512 0.5793503000206908 0.5162424994827227
dataset_xjtu/labels/0027.txt 1 0.10707635009310981 0.5644614689451196 0.07681564245810052 0.0944791324350969 0.07332402234636867 0.5172219027275711 0.06866852886405955 0.5798656753204071 0.14024674115456232 0.611701035162668 0.14548417132216007 0.5428955800197169
dataset_xjtu/labels/0027.txt 1 0.39047951582867757 0.6091336674334533 0.06866852886405954 0.10372165626026941 0.3561452513966478 0.5921890404206371 0.36662011173184333 0.660994495563588 0.4248137802607073 0.6158088235294114 0.41666666666666635 0.5572728393033186
dataset_xjtu/labels/0019.txt 1 0.21479483721826226 0.618887894206035 0.06357156617222112 0.09972010379956252 0.19007256148462073 0.5690278423062537 0.1830090541321517 0.6290865411855356 0.23887497591986115 0.6687479461058162 0.24658062030437283 0.6030233322379227
dataset_xjtu/labels/0019.txt 1 0.4886662813844472 0.701610253039763 0.07705644384511653 0.10198646979500721 0.4501380594618889 0.6789465930853169 0.4584858408784432 0.7526034879372666 0.5271945033070055 0.7163416320101529 0.5188467218904511 0.6506170181422594
dataset_xjtu/labels/0031.txt 1 0.26403298749667453 0.6386437256466829 0.06850226123969136 0.09389230552556217 0.2370976323490289 0.5916975728839018 0.2297818568768288 0.6574221867517953 0.29096834264432014 0.685589878409464 0.29828411811652017 0.6104760339890143
dataset_xjtu/labels/0031.txt 1 0.556996541633413 0.6967395896906244 0.08113860069167327 0.09976057462090976 0.5164272412875762 0.6750269940378383 0.52706836924714 0.7466198770010793 0.5975658419792496 0.7114102624289936 0.5889199255121039 0.6468593023801695
dataset_xjtu/labels/0025.txt 1 0.37243947858472976 0.4545741803382287 0.07950150408250961 0.09605905103769054 0.33985102420856594 0.4065446548193834 0.332688726543475 0.4659495942769026 0.40359547342787544 0.5026037058570739 0.4121902306259846 0.4330872873429558
dataset_xjtu/labels/0025.txt 1 0.6489041684572407 0.5051315756212237 0.0637444492193095 0.10111479056599001 0.617031943847586 0.4899643570363252 0.624910471279186 0.5556889709042186 0.6807763930668955 0.5114512500315981 0.6764790144678409 0.45457418033822866
dataset_xjtu/labels/0024.txt 1 0.1709016639634768 0.6897374195668532 0.08109569291764278 0.09434662313294385 0.13576019703249825 0.6425641080003812 0.1303538175046554 0.7040484241993784 0.2042410043851744 0.7369107311333252 0.2114495104222982 0.6680058940137593
dataset_xjtu/labels/0024.txt 1 0.4421217036102599 0.7310803218385926 0.05766804829699043 0.10282721847073659 0.41328767946176465 0.7178293916232915 0.42109689433531544 0.7824939310739609 0.4709557277587551 0.734790582298877 0.46434793055805823 0.6796667126032244
dataset_xjtu/labels/0018.txt 1 0.36449775440902593 0.31523651195608027 0.055865921787709404 0.10438615143724259 0.34587578047978945 0.26304343623745896 0.3365647935151712 0.3200692041522489 0.3814766129915651 0.3674295876747016 0.39243071530288065 0.29687228161063944
dataset_xjtu/labels/0018.txt 1 0.6263007996494684 0.42203900949140716 0.08106035710373535 0.08795499797026922 0.5857706210976006 0.39835881773018084 0.5896045569065611 0.4660165084765418 0.666830978201336 0.44185304749569854 0.664092452623507 0.37806151050627257
dataset_xjtu/labels/0034.txt 0 0.3870350797725097 0.34808551568328083 0.03875383763651916 0.07426420834242056 0.36765816095425013 0.35837513491144757 0.38275705873471216 0.3852176198544911 0.4064119985907693 0.331532649968404 0.39282299058835346 0.31095341151207057
dataset_xjtu/labels/0020.txt 1 0.20985532158716502 0.6302611289466363 0.0651769087523277 0.10111479056598996 0.18228047557656485 0.5797037336636413 0.17726686721100118 0.6416365428853101 0.23528147829823795 0.6808185242296313 0.2424437759633289 0.613829975479663
dataset_xjtu/labels/0020.txt 1 0.4852456668099124 0.7149447660456529 0.07305543618392776 0.09100331150939102 0.4487179487179485 0.69345787305038 0.45444778685002124 0.7604464218003484 0.5217733849018763 0.7288480497484765 0.5167597765363126 0.6694431102909574
dataset_xjtu/labels/0008.txt 1 0.2771809196390201 0.4811168128618011 0.05085231342214582 0.09100331150939102 0.2596332903595472 0.4356151571071056 0.25175476292794713 0.4899643570363252 0.2932960893854747 0.5266184686164966 0.30260707635009293 0.46215778963067794
dataset_xjtu/labels/0008.txt 1 0.5253545337344218 0.5493692964938443 0.07878527431600049 0.09100331150939102 0.48596189657642147 0.5304102732627212 0.4909755049419851 0.5948709522485398 0.564747170892422 0.5658004499608177 0.5597335625268584 0.5038676407391488
dataset_xjtu/labels/0009.txt 1 0.35799139536377045 0.6115222047208401 0.0866884993257561 0.09858692080184023 0.31464714570089236 0.596224234251589 0.3204263789892761 0.6608156651217602 0.4013356450266485 0.6234206261969242 0.39427213767417946 0.5622287443199199
dataset_xjtu/labels/0021.txt 1 0.3356610800744877 0.7412914886625037 0.07541899441340778 0.10515938218862964 0.30726256983240213 0.6887117975681889 0.29795158286778384 0.7593657574761744 0.3621973929236498 0.7938711797568185 0.3733705772811916 0.7199309891554384
dataset_xjtu/labels/0021.txt 1 0.604748603351955 0.8168747946105812 0.06238361266294217 0.09858692080184032 0.5735567970204839 0.7938711797568185 0.5763500931098694 0.8661682550115014 0.6359404096834261 0.8333059480775546 0.632216014897579 0.7675813342096611
dataset_xjtu/labels/0035.txt 0 0.3452614625798981 0.29574267004434585 0.025668126226785448 0.05547446888229008 0.3324273994665054 0.311848161010172 0.34551311087623915 0.3234799044854909 0.35809552569329084 0.2787424295804183 0.34752629724696743 0.26800543560320084
dataset_xjtu/labels/0037.txt 0 0.34450651769087504 0.17738169134817167 0.03192338387869111 0.05202329224675588 0.32854482575152943 0.18352989861369737 0.33652567172120224 0.2033933374715496 0.3604682096302206 0.17123348408264596 0.3524873636605478 0.15137004522479372
dataset_xjtu/labels/0036.txt 0 0.3457479826194908 0.2201875991447685 0.026070763500931092 0.059590316573556776 0.33271260086902527 0.23342989171667 0.3445065176908751 0.24998275743154685 0.3587833643699564 0.20142768466790806 0.34761018001241445 0.1903924408579901
dataset_xjtu/labels/0022.txt 1 0.4931241942415124 0.4533102454561538 0.07878527431600049 0.09858692080184028 0.4623263142816213 0.4040167850552337 0.45373155708351215 0.4659495942769026 0.5232058444348945 0.5026037058570739 0.5325168313995127 0.4330872873429558
dataset_xjtu/labels/0022.txt 1 0.7660077352814779 0.5247225662933843 0.060879530153273125 0.0973229859197653 0.7355679702048412 0.5026037058570739 0.7427302678699322 0.573384059253267 0.7964475003581144 0.5342020779089458 0.793582581292078 0.4760610733335016
